131
-1, 13, 14, 26, 13.1529, 5, 7.81025, 13, 18.6815, 24.5153, 30.4138, 7.07107, 15.2643, 9.48683, 10.4403, 11.4018, 12.3693, 14.4222, 15, 16.1555, 19.2094, 23.4307, 28.3019, 33.541, 15.8114, 18.1108, 18, 18.1108, 18.4391, 18.9737, 19.6977, 20.5913, 21.6333, 22.8035, 24.0832, 25.4558, 26.9072, 28.4253, 30, 31.6228, 33.2866, 34.1321, 35.8469, 36.7151, 25.0799, 25.0799, 26.5707, 26.9258, 27.313, 28.178, 29.1548, 29.6816, 25.318, 28.1603, 28.8617, 31.7648, 32.7567, 35, 38.8973, 41.0366, 44.0454, 34.5398, 36.7151, 33.0606, 35.4683, 36.6742, 37.5899, 34.0588, 36.4005, 37.5766, 38.4708, 42.2019, 44.0454, 34.9285, 35.2278, 39.3573, 38.1182, 38.6394, 41.6293, 43.4166, 41, 42.2019, 45.1885, 46.0652, 46.5296, 47.0106, 48.8365, 50, 48.5077, 60.208, 61.2944, 57.2713, 57.0088, 58.2495, 64.8845, 68.884, 69.8355, 63.3877, 64.6297, 71.0282, 71, 71.0634, 77.8781, 78.721, 74.0068, 74.0608, 74.3303, 74.8131, 75.71, 77.201, 78.4347, 74.3303, 77.4145, 78.0577, 80.2808, 81.0432, 82.2192, 79.0569, 81.4923, 82.5651, 80.0562, 84.7585, 80.399, 81.0987, 84.2912, 84.7172, 85.5102, 86.5852, 87.6413, 84.2912, 107.912
13, -1, 1, 13, 26.0768, 13.9284, 8.60233, 5.09902, 7.07107, 12.083, 17.72, 18.6815, 27.2029, 18.3576, 18.868, 19.4165, 20, 24.1868, 19.8494, 16.5529, 15.0333, 15.8114, 18.6011, 22.6716, 23.4307, 23.4307, 22.2036, 21.095, 20.1246, 19.3132, 18.6815, 18.2483, 18.0278, 18.0278, 18.2483, 18.6815, 19.3132, 20.1246, 21.095, 22.2036, 23.4307, 24.0832, 25.4558, 26.1725, 29.1548, 27.313, 25.318, 25.1794, 25.0799, 25, 25.0799, 25.1794, 30.2324, 29.7321, 28.6356, 28.0713, 28.2843, 29.1204, 31.305, 32.7567, 35, 32, 32.3883, 34.7851, 33, 33.1361, 33.3766, 35.7351, 34, 34.1321, 34.3657, 36.0555, 37.1618, 39.9625, 36.1386, 35.3553, 39.2938, 38.4708, 38.2099, 38.833, 40.1995, 41.1096, 41.4367, 41.7732, 41.9762, 42.2019, 48.1664, 48.0104, 52, 54.4243, 55.1543, 56.0089, 58.6941, 57.0088, 59.7746, 63.8905, 64.5136, 66.0984, 64.1249, 72.5672, 72.1803, 71.7008, 73.4983, 74.0405, 75.3127, 74.6726, 74.2428, 74.027, 74.0608, 74.5453, 75.1332, 76.6551, 77.1622, 79.6241, 78.2304, 78.5175, 79.0759, 80.604, 79.3095, 79.7621, 81.5843, 81.3941, 82.7103, 81.4985, 84.214, 84.0238, 84.0536, 84.3801, 84.8528, 86.3481, 107.005
14, 1, -1, 12, 27.074, 14.8661, 9.43398, 5.38516, 6.40312, 11.1803, 16.7631, 19.6469, 28.1603, 19.2354, 19.7231, 20.2485, 20.8087, 25.0599, 20.5183, 17, 15.1327, 15.5242, 18.0278, 21.9317, 24.2074, 24.0832, 22.8035, 21.6333, 20.5913, 19.6977, 18.9737, 18.4391, 18.1108, 18, 18.1108, 18.4391, 18.9737, 19.6977, 20.5913, 21.6333, 22.8035, 23.4307, 24.7588, 25.4558, 29.6816, 27.7308, 25.4951, 25.318, 25.1794, 25.02, 25.02, 25.0799, 30.8058, 30.0832, 28.8617, 28.0179, 28.1603, 28.8617, 30.8707, 32.249, 34.4093, 32.0156, 32.249, 35.1141, 33.0151, 33.0606, 33.2415, 36.0555, 34.0147, 34.0588, 34.2345, 35.7351, 36.7696, 40.4969, 36.4005, 35.2278, 39.5601, 38.6394, 38.1182, 38.6394, 40.3113, 41.1947, 41.3038, 41.5933, 41.7732, 41.9762, 48.2597, 48, 52.3927, 54.0833, 54.7814, 56.0357, 58.9406, 57.0351, 59.4811, 63.6003, 64.195, 66.4078, 64.195, 72.7805, 72.3671, 71.8471, 73.2462, 73.7631, 75.505, 74.8131, 74.3303, 74.0608, 74.027, 74.4312, 74.9667, 76.922, 77.2334, 79.8311, 78.1601, 78.4092, 78.9177, 80.8084, 79.2275, 79.6304, 81.7863, 81.2158, 82.9699, 81.6149, 84.2912, 84.0536, 84.0238, 84.2912, 84.7172, 86.5852, 107
26, 13, 12, -1, 39.0512, 26.4764, 20.6155, 14.8661, 9.43398, 5.38516, 6.40312, 31.4006, 39.8121, 30.3645, 30.6757, 31.0161, 31.3847, 36.0555, 30.0167, 25, 20.5183, 17, 15.1327, 15.5242, 34.4384, 33.2866, 31.6228, 30, 28.4253, 26.9072, 25.4558, 24.0832, 22.8035, 21.6333, 20.5913, 19.6977, 18.9737, 18.4391, 18.1108, 18, 18.1108, 18.2483, 18.6815, 18.9737, 37.5366, 34.6554, 30.2324, 29.6816, 29.1548, 28.178, 27.313, 26.9258, 39.0512, 36.2353, 33.8378, 30.0832, 29.4109, 28.4429, 28.0179, 28.2843, 29.1204, 34.5398, 32.9848, 40.8044, 35.4683, 34.4819, 33.9559, 41.6173, 36.4005, 35.4401, 34.9285, 34.0147, 34.0588, 48.0833, 41.3401, 35.9026, 44.4185, 42.4853, 39.0512, 38.3275, 43.4626, 44.0114, 41.5933, 41.3038, 41.1947, 41.1096, 50.9215, 49.4773, 58.2495, 51.3517, 51.6236, 57.7235, 63.0714, 58.6941, 57.2189, 61.2944, 61.5224, 71.1196, 66.2193, 76.3217, 75.6108, 74.6324, 71.2531, 71.4493, 78.7718, 77.4919, 76.4003, 75.505, 74.6726, 74.108, 74, 81.0247, 79.0759, 83.2166, 78.3135, 78.1025, 78, 84.1546, 79.2275, 79.0253, 85.0941, 80.025, 86.9253, 83.9345, 86.122, 85.3288, 84.5931, 84.1487, 84.006, 90.2497, 107.671
13.1529, 26.0768, 27.074, 39.0512, -1, 13.3417, 19.2354, 25.1794, 31.1448, 37.1214, 43.1045, 8.544, 6, 12.2066, 12.8062, 13.4536, 14.1421, 11.1803, 18.3848, 23.0217, 28.178, 33.6155, 39.2173, 44.9222, 15.2643, 19.4165, 20.6155, 21.9317, 23.3452, 24.8395, 26.4008, 28.0179, 29.6816, 31.3847, 33.121, 34.8855, 36.6742, 38.4838, 40.3113, 42.1545, 44.0114, 44.9444, 46.8188, 47.7598, 25.4951, 27.4591, 31.8277, 32.5269, 33.2415, 34.7131, 36.2353, 37.0135, 24.6982, 30.5287, 32.8024, 38.2099, 39.6989, 42.8019, 47.7074, 50.2494, 53.7122, 39.6989, 43.1393, 34.4384, 40.4599, 42.45, 43.8406, 35.3412, 41.2311, 43.1856, 44.5533, 49.679, 52.0096, 32.3883, 37.1214, 45.2769, 39.3954, 41.1825, 46.8615, 49.5177, 43.909, 45.2769, 50.448, 51.7397, 52.4023, 53.0754, 50.9902, 53.3385, 46.3897, 66.5282, 67.897, 59.5063, 56.2939, 60.4152, 70.4344, 74.2024, 75.4321, 61.2944, 65.7875, 69.8713, 70.214, 70.8308, 82.3772, 83.4865, 72.9932, 73.7564, 74.7262, 75.8947, 77.6209, 80.0562, 81.8841, 72.2496, 77.8845, 76.6551, 82.4621, 83.672, 85.4225, 77.6466, 83.7735, 85.4283, 78.6384, 88.1192, 78.1601, 80.8084, 84.4038, 85.44, 86.977, 88.7694, 90.377, 82.2192, 108.416
5, 13.9284, 14.8661, 26.4764, 13.3417, -1, 6, 12, 18, 24, 30, 5, 13.3417, 5, 5.83095, 6.7082, 7.61577, 10.6301, 10, 11.6619, 15.6205, 20.5913, 26, 31.6228, 11.1803, 13.1529, 13, 13.1529, 13.6015, 14.3178, 15.2643, 16.4012, 17.6918, 19.105, 20.6155, 22.2036, 23.8537, 25.5539, 27.2947, 29.0689, 30.8707, 31.7805, 33.6155, 34.5398, 20.0998, 20.0998, 21.9317, 22.3607, 22.8254, 23.8537, 25, 25.6125, 20.3961, 23.1948, 24.0416, 27.4591, 28.6007, 31.1448, 35.4683, 37.8021, 41.0488, 29.9666, 32.45, 28.0713, 30.8707, 32.249, 33.2866, 29.0689, 31.7805, 33.121, 34.1321, 38.2884, 40.3113, 30.0832, 30.2655, 34.9857, 33.1361, 33.7343, 37.1214, 39.1152, 36.1386, 37.3631, 40.7063, 41.6773, 42.19, 42.72, 43.9318, 45.2217, 43.566, 56.0357, 57.2014, 52.3927, 52.0096, 53.3667, 60.5392, 64.4981, 65.5134, 58.4209, 59.6825, 66.0303, 66, 66.0681, 73.3485, 74.2428, 69.0072, 69.0652, 69.3542, 69.8713, 70.8308, 72.4224, 73.736, 69.3542, 72.4431, 73.0616, 75.4321, 76.243, 77.4919, 74.0608, 76.6551, 77.7946, 75.06, 80.0562, 75.4255, 76.1052, 79.3095, 79.7621, 80.604, 81.7435, 82.8613, 79.3095, 102.956
7.81025, 8.60233, 9.43398, 20.6155, 19.2354, 6, -1, 6, 12, 18, 24, 11, 19.2354, 9.84886, 10.2956, 10.8167, 11.4018, 15.6525, 11.6619, 10, 11.6619, 15.6205, 20.5913, 26, 14.8661, 15.2643, 14.3178, 13.6015, 13.1529, 13, 13.1529, 13.6015, 14.3178, 15.2643, 16.4012, 17.6918, 19.105, 20.6155, 22.2036, 23.8537, 25.5539, 26.4197, 28.178, 29.0689, 21.5407, 20.3961, 20.2237, 20.3961, 20.6155, 21.1896, 21.9317, 22.3607, 22.3607, 23.1948, 23.0217, 24.6982, 25.4951, 27.4591, 31.1448, 33.2415, 36.2353, 27.8927, 29.5466, 28.2843, 28.8617, 29.7321, 30.4631, 29.2746, 29.8329, 30.6757, 31.3847, 34.6699, 36.4005, 32.2025, 30.0666, 32.311, 33.1361, 33.0151, 34.7851, 36.2491, 35.1283, 36.2215, 38.2753, 39, 39.3954, 39.8121, 43.1045, 43.7379, 44.9222, 52.8394, 53.8516, 51.3517, 52.469, 52.345, 57.6975, 61.7414, 62.6099, 59.439, 59.0762, 66.4831, 66.2722, 66.0681, 70.9366, 71.6938, 69.3542, 69.0652, 69.0072, 69.1809, 69.7209, 70.8308, 71.8401, 70.214, 72.0278, 73.5527, 74.1485, 74.7329, 75.6902, 74.5453, 75.3127, 76.1577, 75.5381, 78.1601, 76.2955, 76.0263, 79.0063, 79.1581, 79.6304, 80.4114, 81.2527, 80.0625, 102.313
13, 5.09902, 5.38516, 14.8661, 25.1794, 12, 6, -1, 6, 12, 18, 17, 25.1794, 15.5242, 15.8114, 16.1555, 16.5529, 21.1896, 15.6205, 11.6619, 10, 11.6619, 15.6205, 20.5913, 19.7231, 19.105, 17.6918, 16.4012, 15.2643, 14.3178, 13.6015, 13.1529, 13, 13.1529, 13.6015, 14.3178, 15.2643, 16.4012, 17.6918, 19.105, 20.6155, 21.4009, 23.0217, 23.8537, 24.4131, 22.3607, 20.2237, 20.0998, 20.025, 20.025, 20.2237, 20.3961, 25.6125, 24.6982, 23.5372, 23.1948, 23.5372, 24.6982, 27.4591, 29.2062, 31.8277, 27.0185, 27.6586, 29.7321, 28.0179, 28.2843, 28.6356, 30.6757, 29.0172, 29.2746, 29.6142, 31.7805, 33.121, 35.2278, 31.0483, 30.5941, 34.2053, 33.3766, 33.3766, 34.2053, 35.1283, 36.0555, 36.6742, 37.108, 37.3631, 37.6431, 43.1045, 43.0465, 47.0106, 50.1597, 50.9902, 51, 53.6004, 52, 55.3624, 59.4643, 60.1664, 61.0328, 59.0762, 67.4685, 67.082, 66.6108, 68.9638, 69.5701, 70.214, 69.5845, 69.1809, 69.0072, 69.1158, 69.7209, 70.406, 71.5681, 72.111, 74.5252, 73.3348, 73.6817, 74.3303, 75.505, 74.4312, 74.9667, 76.4853, 76.6877, 77.6209, 76.4199, 79.1581, 79.0063, 79.1012, 79.511, 80.0625, 81.2527, 102.02
18.6815, 7.07107, 6.40312, 9.43398, 31.1448, 18, 12, 6, -1, 6, 12, 23, 31.1448, 21.3776, 21.587, 21.8403, 22.1359, 26.9258, 20.5913, 15.6205, 11.6619, 10, 11.6619, 15.6205, 25.0799, 23.8537, 22.2036, 20.6155, 19.105, 17.6918, 16.4012, 15.2643, 14.3178, 13.6015, 13.1529, 13, 13.1529, 13.6015, 14.3178, 15.2643, 16.4012, 17.0294, 18.3848, 19.105, 28.2843, 25.6125, 21.9317, 21.5407, 21.1896, 20.6155, 20.2237, 20.0998, 29.7321, 27.4591, 25.4951, 23.1948, 23.0217, 23.1948, 24.6982, 25.9422, 28.0179, 27.4591, 27, 32.249, 28.4429, 28.0713, 28, 33.121, 29.4279, 29.0689, 29, 29.8329, 30.6757, 38.9487, 33.1059, 30, 36.2491, 34.7851, 33.0151, 33.1361, 36.1386, 36.8782, 36.0139, 36.1248, 36.2215, 36.3456, 43.9318, 43.1856, 49.7393, 48.0833, 48.7032, 51.3517, 55.3624, 52.345, 53.6004, 57.7235, 58.2409, 63.1585, 59.6825, 68.9638, 68.4105, 67.6831, 67.4685, 67.9117, 71.5681, 70.6116, 69.8713, 69.3542, 69.029, 69.1158, 69.4622, 73.3894, 72.6911, 75.9605, 73.0068, 73.1095, 73.437, 76.922, 74.027, 74.2428, 77.8845, 75.6637, 79.3788, 77.2787, 79.7621, 79.3095, 79.0253, 79.0569, 79.3095, 82.8613, 102.078
24.5153, 12.083, 11.1803, 5.38516, 37.1214, 24, 18, 12, 6, -1, 6, 29, 37.1214, 27.2947, 27.4591, 27.6586, 27.8927, 32.7567, 26, 20.5913, 15.6205, 11.6619, 10, 11.6619, 30.6757, 29.0689, 27.2947, 25.5539, 23.8537, 22.2036, 20.6155, 19.105, 17.6918, 16.4012, 15.2643, 14.3178, 13.6015, 13.1529, 13, 13.1529, 13.6015, 13.9284, 14.7648, 15.2643, 32.8024, 29.7321, 25, 24.4131, 23.8537, 22.8254, 21.9317, 21.5407, 34.4093, 31.1448, 28.6007, 24.6982, 24.0416, 23.1948, 23.1948, 23.7697, 25.0799, 29.1548, 27.6586, 35.609, 30.0832, 29.1204, 28.6356, 36.4005, 31.0161, 30.0832, 29.6142, 29.0172, 29.2746, 43.1856, 36.0555, 30.5941, 39.1152, 37.1214, 33.7343, 33.1361, 38.0789, 38.6264, 36.3456, 36.1248, 36.0555, 36.0139, 45.5412, 44.1475, 53.0094, 46.6905, 47.0744, 52.3927, 57.6975, 53.3667, 52.469, 56.5685, 56.8859, 65.7647, 60.8769, 70.9366, 70.2282, 69.2604, 66.4831, 66.7533, 73.3894, 72.1249, 71.0634, 70.214, 69.4622, 69.029, 69.029, 75.6439, 73.7564, 77.8332, 73.171, 73.0274, 73.0274, 78.7718, 74.108, 74, 79.712, 75.1066, 81.5414, 78.5875, 80.8084, 80.0625, 79.404, 79.0569, 79.0063, 84.8646, 102.489
30.4138, 17.72, 16.7631, 6.40312, 43.1045, 30, 24, 18, 12, 6, -1, 35, 43.1045, 33.2415, 33.3766, 33.541, 33.7343, 38.6394, 31.6228, 26, 20.5913, 15.6205, 11.6619, 10, 36.4005, 34.5398, 32.6956, 30.8707, 29.0689, 27.2947, 25.5539, 23.8537, 22.2036, 20.6155, 19.105, 17.6918, 16.4012, 15.2643, 14.3178, 13.6015, 13.1529, 13.0384, 13.0384, 13.1529, 37.7359, 34.4093, 29, 28.2843, 27.5862, 26.2488, 25, 24.4131, 39.4462, 35.4683, 32.5269, 27.4591, 26.4197, 24.6982, 23.1948, 23, 23.3452, 31.9061, 29.5466, 39.598, 32.7567, 31.305, 30.4631, 40.3113, 33.6155, 32.2025, 31.3847, 29.4279, 29.0689, 47.8017, 39.6989, 32.311, 42.638, 40.2244, 35.4683, 34.2053, 40.8167, 41.1825, 37.6431, 37.108, 36.8782, 36.6742, 47.8539, 45.8803, 56.7274, 46.0435, 46.1736, 54.0833, 60.5392, 55.0273, 52.0096, 56.0357, 56.1427, 68.7968, 62.6259, 73.3485, 72.4983, 71.3092, 66.0303, 66.1211, 75.6439, 74.0945, 72.7324, 71.5681, 70.406, 69.4622, 69.1158, 78.2943, 75.2861, 80.1124, 73.8241, 73.437, 73.1095, 81.0247, 74.6726, 74.2428, 81.939, 75.0267, 84.0773, 80.3243, 82.28, 81.2527, 80.2309, 79.511, 79.1581, 87.2353, 103.247
7.07107, 18.6815, 19.6469, 31.4006, 8.544, 5, 11, 17, 23, 29, 35, -1, 8.544, 4.47214, 5.38516, 6.32456, 7.28011, 7.61577, 11.1803, 14.8661, 19.7231, 25.0799, 30.6757, 36.4005, 10, 13.3417, 13.9284, 14.7648, 15.8114, 17.0294, 18.3848, 19.8494, 21.4009, 23.0217, 24.6982, 26.4197, 28.178, 29.9666, 31.7805, 33.6155, 35.4683, 36.4005, 38.2753, 39.2173, 20.2237, 21.1896, 24.4131, 25, 25.6125, 26.9072, 28.2843, 29, 20.025, 24.3516, 25.9422, 30.4795, 31.8277, 34.7131, 39.4081, 41.8808, 45.2769, 32.45, 35.4683, 28.8617, 33.2866, 35, 36.2353, 29.8329, 34.1321, 35.805, 37.0135, 41.7253, 43.9318, 29.1548, 31.3209, 37.8021, 33.9559, 35.1141, 39.6611, 42.0119, 37.6962, 39, 43.2666, 44.4072, 45, 45.607, 45.2217, 47.0106, 43.0465, 59.0339, 60.3075, 53.7587, 52.1536, 54.7083, 63.2456, 67.1193, 68.2422, 58.0345, 60.6383, 66.0681, 66.1891, 66.4831, 75.6637, 76.6616, 69.1158, 69.4622, 70.0357, 70.8308, 72.1249, 74.0945, 75.6439, 69.029, 73.1642, 73.0274, 76.844, 77.8332, 79.3095, 74.027, 78.1089, 79.4796, 75.0267, 81.939, 75.06, 76.531, 79.9062, 80.604, 81.7435, 83.1685, 84.5044, 79.0253, 103.755
15.2643, 27.2029, 28.1603, 39.8121, 6, 13.3417, 19.2354, 25.1794, 31.1448, 37.1214, 43.1045, 8.544, -1, 10.0499, 10.198, 10.4403, 10.7703, 6.40312, 14.7648, 20.2485, 25.9615, 31.7805, 37.6563, 43.566, 10.6301, 14.8661, 16.4012, 18.0278, 19.7231, 21.4709, 23.2594, 25.0799, 26.9258, 28.7924, 30.6757, 32.573, 34.4819, 36.4005, 38.3275, 40.2616, 42.2019, 43.1741, 45.1221, 46.0977, 20.2485, 22.6716, 27.8029, 28.6007, 29.4109, 31.0644, 32.7567, 33.6155, 19.2354, 25.6125, 28.2843, 34.4093, 36.0555, 39.4462, 44.7214, 47.4236, 51.0784, 35.3836, 39.2046, 29.1548, 36.0694, 38.2884, 39.8246, 30.0167, 36.7696, 38.9487, 40.4599, 46.0435, 48.5489, 26.4764, 31.9061, 41.1096, 34, 36.0555, 42.4264, 45.3431, 38.833, 40.2244, 45.9674, 47.3814, 48.1041, 48.8365, 45.6508, 48.2597, 40.4475, 62.2415, 63.7024, 54.1202, 50.448, 55.0091, 65.8559, 69.527, 70.8378, 55.3263, 60.1664, 63.9531, 64.3273, 65, 77.4209, 78.6003, 67.082, 67.9117, 68.9638, 70.2282, 72.0902, 74.7061, 76.6616, 66.2722, 72.1249, 70.7107, 76.9675, 78.2624, 80.1311, 71.7008, 78.2943, 80.0625, 72.6911, 82.8553, 72.1734, 74.9533, 78.5875, 79.6994, 81.3449, 83.2586, 84.9706, 76.2365, 102.616
9.48683, 18.3576, 19.2354, 30.3645, 12.2066, 5, 9.84886, 15.5242, 21.3776, 27.2947, 33.2415, 4.47214, 10.0499, -1, 1, 2, 3, 5.83095, 6.7082, 10.8167, 16.1555, 21.8403, 27.6586, 33.541, 6.32456, 9.05539, 9.48683, 10.2956, 11.4018, 12.7279, 14.2127, 15.8114, 17.4929, 19.2354, 21.0238, 22.8473, 24.6982, 26.5707, 28.4605, 30.3645, 32.28, 33.2415, 35.171, 36.1386, 16.0312, 16.7631, 20, 20.6155, 21.2603, 22.6274, 24.0832, 24.8395, 16.0312, 19.9249, 21.4709, 26.1725, 27.5862, 30.6105, 35.5106, 38.0789, 41.5933, 28.0179, 31.1448, 24.5153, 28.8444, 30.6105, 31.8904, 25.4951, 29.6816, 31.4006, 32.6497, 37.5366, 39.8246, 25.4951, 26.9258, 33.4215, 29.6142, 30.6757, 35.2278, 37.6431, 33.2415, 34.5398, 38.833, 40, 40.6079, 41.2311, 40.8044, 42.5441, 39.2046, 54.6717, 55.9732, 49.3356, 48.0416, 50.2892, 58.8218, 62.6817, 63.8201, 54.1479, 56.2939, 62.0081, 62.0725, 62.2896, 71.1969, 72.2011, 65.0308, 65.2763, 65.7647, 66.4906, 67.72, 69.6419, 71.1758, 65.123, 68.884, 69, 72.4224, 73.3894, 74.8465, 70, 73.6817, 75.0267, 71, 77.4726, 71.1758, 72.3395, 75.6637, 76.2955, 77.3692, 78.7464, 80.0562, 75.1066, 99.4636
10.4403, 18.868, 19.7231, 30.6757, 12.8062, 5.83095, 10.2956, 15.8114, 21.587, 27.4591, 33.3766, 5.38516, 10.198, 1, -1, 1, 2, 5.38516, 5.83095, 10.2956, 15.8114, 21.587, 27.4591, 33.3766, 5.38516, 8.06226, 8.544, 9.43398, 10.6301, 12.0416, 13.6015, 15.2643, 17, 18.7883, 20.6155, 22.4722, 24.3516, 26.2488, 28.1603, 30.0832, 32.0156, 32.9848, 34.9285, 35.9026, 15.0333, 15.8114, 19.2094, 19.8494, 20.5183, 21.9317, 23.4307, 24.2074, 15.0333, 18.9737, 20.5913, 25.4558, 26.9072, 30, 34.9857, 37.5899, 41.1461, 27.2029, 30.4138, 23.5372, 28.0179, 29.8329, 31.1448, 24.5153, 28.8444, 30.6105, 31.8904, 36.8782, 39.2046, 24.5153, 25.9615, 32.6497, 28.6356, 29.7321, 34.4093, 36.8782, 32.311, 33.6155, 38.0132, 39.2046, 39.8246, 40.4599, 39.8497, 41.6293, 38.2099, 53.9073, 55.2268, 48.3839, 47.0425, 49.3356, 58.0086, 61.8547, 63.0079, 53.1507, 55.3173, 61.0082, 61.0737, 61.2944, 70.3278, 71.3442, 64.0312, 64.2806, 64.7765, 65.5134, 66.7608, 68.7095, 70.2638, 64.1249, 67.897, 68, 71.4703, 72.45, 73.9256, 69, 72.7324, 74.0945, 70, 76.5572, 70.1783, 71.3442, 74.6726, 75.3127, 76.4003, 77.7946, 79.1202, 74.108, 98.4784
11.4018, 19.4165, 20.2485, 31.0161, 13.4536, 6.7082, 10.8167, 16.1555, 21.8403, 27.6586, 33.541, 6.32456, 10.4403, 2, 1, -1, 1, 5.09902, 5, 9.84886, 15.5242, 21.3776, 27.2947, 33.2415, 4.47214, 7.07107, 7.61577, 8.60233, 9.89949, 11.4018, 13.0384, 14.7648, 16.5529, 18.3848, 20.2485, 22.1359, 24.0416, 25.9615, 27.8927, 29.8329, 31.7805, 32.7567, 34.7131, 35.6931, 14.0357, 14.8661, 18.4391, 19.105, 19.799, 21.2603, 22.8035, 23.6008, 14.0357, 18.0278, 19.7231, 24.7588, 26.2488, 29.4109, 34.4819, 37.1214, 40.7185, 26.4008, 29.6985, 22.561, 27.2029, 29.0689, 30.4138, 23.5372, 28.0179, 29.8329, 31.1448, 36.2353, 38.6005, 23.5372, 25, 31.8904, 27.6586, 28.7924, 33.6006, 36.1248, 31.3847, 32.6956, 37.2022, 38.4187, 39.0512, 39.6989, 38.8973, 40.7185, 37.2156, 53.1507, 54.4885, 47.4342, 46.0435, 48.3839, 57.2014, 61.0328, 62.2013, 52.1536, 54.3415, 60.0083, 60.075, 60.2993, 69.4622, 70.4911, 63.0317, 63.2851, 63.7887, 64.5368, 65.8027, 67.7791, 69.3542, 63.1269, 66.9104, 67, 70.5195, 71.5122, 73.0068, 68, 71.7844, 73.1642, 69, 75.6439, 69.1809, 70.3491, 73.6817, 74.3303, 75.4321, 76.844, 78.1857, 73.1095, 97.4936
12.3693, 20, 20.8087, 31.3847, 14.1421, 7.61577, 11.4018, 16.5529, 22.1359, 27.8927, 33.7343, 7.28011, 10.7703, 3, 2, 1, -1, 5, 4.24264, 9.48683, 15.2971, 21.2132, 27.1662, 33.1361, 3.60555, 6.08276, 6.7082, 7.81025, 9.21954, 10.8167, 12.53, 14.3178, 16.1555, 18.0278, 19.9249, 21.8403, 23.7697, 25.7099, 27.6586, 29.6142, 31.5753, 32.5576, 34.5254, 35.5106, 13.0384, 13.9284, 17.6918, 18.3848, 19.105, 20.6155, 22.2036, 23.0217, 13.0384, 17.088, 18.868, 24.0832, 25.6125, 28.8444, 34, 36.6742, 40.3113, 25.6125, 29, 21.587, 26.4008, 28.3196, 29.6985, 22.561, 27.2029, 29.0689, 30.4138, 35.609, 38.0132, 22.561, 24.0416, 31.1448, 26.6833, 27.8568, 32.8024, 35.3836, 30.4631, 31.7805, 36.4005, 37.6431, 38.2884, 38.9487, 37.9473, 39.8121, 36.2215, 52.4023, 53.7587, 46.4866, 45.0444, 47.4342, 56.4004, 60.2163, 61.4003, 51.1566, 53.3667, 59.0085, 59.0762, 59.3043, 68.6003, 69.6419, 62.0322, 62.2896, 62.8013, 63.561, 64.846, 66.8506, 68.4471, 62.1289, 65.9242, 66, 69.5701, 70.5762, 72.0902, 67, 70.8378, 72.2357, 68, 74.7329, 68.1836, 69.3542, 72.6911, 73.3485, 74.4648, 75.8947, 77.2528, 72.111, 96.5091
14.4222, 24.1868, 25.0599, 36.0555, 11.1803, 10.6301, 15.6525, 21.1896, 26.9258, 32.7567, 38.6394, 7.61577, 6.40312, 5.83095, 5.38516, 5.09902, 5, -1, 8.544, 14.3178, 20.2237, 26.1725, 32.1403, 38.1182, 4.24264, 8.48528, 10, 11.6619, 13.4164, 15.2315, 17.088, 18.9737, 20.8806, 22.8035, 24.7386, 26.6833, 28.6356, 30.5941, 32.5576, 34.5254, 36.4966, 37.4833, 39.4588, 40.4475, 14.3178, 16.4012, 21.4009, 22.2036, 23.0217, 24.6982, 26.4197, 27.2947, 13.6015, 19.4165, 21.9317, 28.0179, 29.6816, 33.121, 38.4838, 41.2311, 44.9444, 29, 32.8024, 23.2594, 29.6985, 31.8904, 33.4215, 24.1661, 30.4138, 32.5576, 34.0588, 39.6611, 42.19, 22, 25.9422, 34.7131, 28.2312, 30.0167, 36.0694, 38.9487, 32.7567, 34.1321, 39.6232, 41.0122, 41.7253, 42.45, 39.8121, 42.19, 36.0139, 55.8659, 57.3149, 48.3322, 45.5412, 49.2443, 59.5483, 63.2535, 64.5368, 51.0098, 54.7083, 59.3043, 59.5399, 60.0167, 71.2811, 72.4224, 62.3939, 62.9682, 63.7887, 64.846, 66.4831, 68.8767, 70.7107, 62.0081, 66.9403, 66.1891, 71.3092, 72.4983, 74.2428, 67.1863, 72.6154, 74.2496, 68.1836, 76.9415, 68, 70.0357, 73.5459, 74.4648, 75.8947, 77.6209, 79.2023, 72.0069, 97.5141
15, 19.8494, 20.5183, 30.0167, 18.3848, 10, 11.6619, 15.6205, 20.5913, 26, 31.6228, 11.1803, 14.7648, 6.7082, 5.83095, 5, 4.24264, 8.544, -1, 6, 12, 18, 24, 30, 5, 3.60555, 3, 3.60555, 5, 6.7082, 8.544, 10.4403, 12.3693, 14.3178, 16.2788, 18.2483, 20.2237, 22.2036, 24.1868, 26.1725, 28.1603, 29.1548, 31.1448, 32.1403, 10.198, 10.198, 13.4536, 14.1421, 14.8661, 16.4012, 18.0278, 18.868, 10.7703, 13.3417, 14.7648, 19.8494, 21.4009, 24.6982, 29.9666, 32.6956, 36.4005, 21.4009, 24.7588, 18.1108, 22.2036, 24.0832, 25.4558, 19.105, 23.0217, 24.8395, 26.1725, 31.4006, 33.8378, 20.6155, 20.3961, 26.9072, 23.1948, 24.0416, 28.6007, 31.1448, 26.5707, 27.8568, 32.2025, 33.4215, 34.0588, 34.7131, 34.2053, 35.8469, 33.7343, 48.1664, 49.5177, 42.72, 42.0119, 43.6807, 52.2015, 56.0357, 57.2014, 48.5077, 49.8197, 56.0357, 56, 56.0803, 64.4981, 65.5134, 59.0085, 59.0762, 59.4138, 60.0167, 61.131, 62.9682, 64.4748, 59.4138, 62.514, 63.0714, 65.8027, 66.7308, 68.1542, 64.0703, 67.0522, 68.352, 65.0692, 70.7743, 65.4905, 66.1211, 69.3542, 69.8713, 70.8308, 72.1249, 73.3894, 69.3542, 93.0591
16.1555, 16.5529, 17, 25, 23.0217, 11.6619, 10, 11.6619, 15.6205, 20.5913, 26, 14.8661, 20.2485, 10.8167, 10.2956, 9.84886, 9.48683, 14.3178, 6, -1, 6, 12, 18, 24, 11, 8.544, 6.7082, 5, 3.60555, 3, 3.60555, 5, 6.7082, 8.544, 10.4403, 12.3693, 14.3178, 16.2788, 18.2483, 20.2237, 22.2036, 23.1948, 25.1794, 26.1725, 12.8062, 10.7703, 10.4403, 10.7703, 11.1803, 12.2066, 13.4536, 14.1421, 14.1421, 13.3417, 13.0384, 15.8114, 17.0294, 19.8494, 24.6982, 27.2947, 30.8707, 18.3848, 20.8087, 18.4391, 19.3132, 20.5913, 21.6333, 19.4165, 20.2485, 21.4709, 22.4722, 26.8701, 29.0689, 23.6008, 20.0998, 23.3238, 23.1948, 23.0217, 25.4951, 27.4591, 25.1794, 26.3059, 29.0689, 30.0167, 30.5287, 31.0644, 33.1361, 33.9559, 35.4683, 44.4072, 45.607, 41.4367, 42.5793, 42.4264, 48.8774, 52.8394, 53.8516, 49.7293, 49.0918, 56.5685, 56.3205, 56.0803, 61.7414, 62.6099, 59.4138, 59.0762, 59.0085, 59.2115, 59.8415, 61.131, 62.2977, 60.4152, 62.0322, 63.6396, 64.3273, 65, 66.0984, 64.6297, 65.5134, 66.4831, 65.6201, 68.6222, 66.4906, 66.0303, 69.0072, 69.1809, 69.7209, 70.6116, 71.5681, 70.214, 92.3472
19.2094, 15.0333, 15.1327, 20.5183, 28.178, 15.6205, 11.6619, 10, 11.6619, 15.6205, 20.5913, 19.7231, 25.9615, 16.1555, 15.8114, 15.5242, 15.2971, 20.2237, 12, 6, -1, 6, 12, 18, 17, 14.3178, 12.3693, 10.4403, 8.544, 6.7082, 5, 3.60555, 3, 3.60555, 5, 6.7082, 8.544, 10.4403, 12.3693, 14.3178, 16.2788, 17.2627, 19.2354, 20.2237, 17.2047, 14.1421, 10.4403, 10.198, 10.0499, 10.0499, 10.4403, 10.7703, 18.868, 15.8114, 13.9284, 13.3417, 13.9284, 15.8114, 19.8494, 22.2036, 25.5539, 17.0294, 18.0278, 20.5913, 18.0278, 18.4391, 18.9737, 21.4709, 19.0263, 19.4165, 19.9249, 23.0217, 24.8395, 27.5862, 21.5407, 20.8806, 24.6982, 23.5372, 23.5372, 24.6982, 25.1794, 26.0768, 26.9258, 27.5136, 27.8568, 28.2312, 33.1361, 33.0606, 38.0789, 41.1825, 42.19, 41, 43.9659, 42, 46.0977, 50.1597, 50.9902, 51.6236, 49.0918, 57.7235, 57.2713, 56.7186, 59.4643, 60.1664, 60.4152, 59.6825, 59.2115, 59.0085, 59.1354, 59.8415, 60.6383, 61.9839, 62.1289, 64.7611, 63.3877, 63.7887, 64.5368, 65.7343, 64.4981, 65.1153, 66.7083, 66.9403, 68.0074, 66.4831, 69.1809, 69.0072, 69.1158, 69.5845, 70.214, 71.5681, 92.0217
23.4307, 15.8114, 15.5242, 17, 33.6155, 20.5913, 15.6205, 11.6619, 10, 11.6619, 15.6205, 25.0799, 31.7805, 21.8403, 21.587, 21.3776, 21.2132, 26.1725, 18, 12, 6, -1, 6, 12, 23, 20.2237, 18.2483, 16.2788, 14.3178, 12.3693, 10.4403, 8.544, 6.7082, 5, 3.60555, 3, 3.60555, 5, 6.7082, 8.544, 10.4403, 11.4018, 13.3417, 14.3178, 22.3607, 18.868, 13.4536, 12.8062, 12.2066, 11.1803, 10.4403, 10.198, 24.1661, 19.8494, 17.0294, 13.3417, 13.0384, 13.3417, 15.8114, 17.6918, 20.6155, 17.72, 17, 24.0832, 18.6815, 18.1108, 18, 24.8395, 19.6469, 19.105, 19, 20.2485, 21.4709, 32.2025, 24.4131, 20, 27.4591, 25.4951, 23.0217, 23.1948, 26.5707, 27.2029, 26.0192, 26.1725, 26.3059, 26.4764, 34.2053, 33.2415, 41.4005, 38.6264, 39.3954, 41.4367, 46.0977, 42.4264, 43.9659, 48.0833, 48.7032, 54.1202, 49.8197, 59.4643, 58.8218, 57.9741, 57.7235, 58.2409, 61.9839, 60.8769, 60.0167, 59.4138, 59.0339, 59.1354, 59.5399, 64.0781, 62.8013, 66.4078, 63.0079, 63.1269, 63.5059, 67.3573, 64.0312, 64.2806, 68.3081, 65.7647, 70.0071, 67.4685, 69.8713, 69.3542, 69.029, 69.0652, 69.3542, 73.3894, 92.0869
28.3019, 18.6011, 18.0278, 15.1327, 39.2173, 26, 20.5913, 15.6205, 11.6619, 10, 11.6619, 30.6757, 37.6563, 27.6586, 27.4591, 27.2947, 27.1662, 32.1403, 24, 18, 12, 6, -1, 6, 29, 26.1725, 24.1868, 22.2036, 20.2237, 18.2483, 16.2788, 14.3178, 12.3693, 10.4403, 8.544, 6.7082, 5, 3.60555, 3, 3.60555, 5, 5.83095, 7.61577, 8.544, 27.8568, 24.1661, 18.0278, 17.2047, 16.4012, 14.8661, 13.4536, 12.8062, 29.7321, 24.6982, 21.4009, 15.8114, 14.7648, 13.3417, 13.3417, 14.3178, 16.4012, 20.2485, 18.0278, 28.4253, 21.095, 19.6977, 18.9737, 29.0689, 21.9545, 20.6155, 19.9249, 19.0263, 19.4165, 37.2156, 28.2843, 20.8806, 31.1448, 28.6007, 24.0416, 23.1948, 29.1548, 29.5296, 26.4764, 26.1725, 26.0768, 26.0192, 36.2491, 34.4819, 45.2769, 36.8782, 37.3631, 42.72, 48.8774, 43.6807, 42.5793, 46.6905, 47.0744, 57.1402, 51.2445, 61.7414, 60.9262, 59.808, 56.5685, 56.8859, 64.0781, 62.6259, 61.4003, 60.4152, 59.5399, 59.0339, 59.0339, 66.6483, 64.0312, 68.542, 63.1981, 63.0317, 63.0317, 69.4622, 64.1249, 64, 70.3847, 65.123, 72.45, 68.9638, 71.0634, 70.214, 69.4622, 69.0652, 69.0072, 75.6439, 92.5419
33.541, 22.6716, 21.9317, 15.5242, 44.9222, 31.6228, 26, 20.5913, 15.6205, 11.6619, 10, 36.4005, 43.566, 33.541, 33.3766, 33.2415, 33.1361, 38.1182, 30, 24, 18, 12, 6, -1, 35, 32.1403, 30.1496, 28.1603, 26.1725, 24.1868, 22.2036, 20.2237, 18.2483, 16.2788, 14.3178, 12.3693, 10.4403, 8.544, 6.7082, 5, 3.60555, 3.16228, 3.16228, 3.60555, 33.5261, 29.7321, 23.2594, 22.3607, 21.4709, 19.7231, 18.0278, 17.2047, 35.4401, 29.9666, 26.4197, 19.8494, 18.3848, 15.8114, 13.3417, 13, 13.6015, 24.0416, 20.8087, 33.2866, 24.7588, 22.8035, 21.6333, 33.8378, 25.4951, 23.6008, 22.4722, 19.6469, 19.105, 42.4853, 32.8024, 23.3238, 35.4683, 32.5269, 26.4197, 24.6982, 32.6497, 32.8024, 28.2312, 27.5136, 27.2029, 26.9258, 39.1152, 36.6742, 49.5782, 36.0555, 36.2215, 44.7772, 52.2015, 45.6946, 42.0119, 46.0435, 46.1736, 60.6053, 53.3104, 64.4981, 63.5295, 62.1691, 56.0357, 56.1427, 66.6483, 64.8845, 63.3246, 61.9839, 60.6383, 59.5399, 59.1354, 69.6419, 65.7875, 71.1196, 63.9531, 63.5059, 63.1269, 72.0069, 64.7765, 64.2806, 72.8972, 65.0308, 75.2928, 70.9366, 72.7324, 71.5681, 70.406, 69.5845, 69.1809, 78.2943, 93.3809
15.8114, 23.4307, 24.2074, 34.4384, 15.2643, 11.1803, 14.8661, 19.7231, 25.0799, 30.6757, 36.4005, 10, 10.6301, 6.32456, 5.38516, 4.47214, 3.60555, 4.24264, 5, 11, 17, 23, 29, 35, -1, 4.24264, 5.83095, 7.61577, 9.48683, 11.4018, 13.3417, 15.2971, 17.2627, 19.2354, 21.2132, 23.1948, 25.1794, 27.1662, 29.1548, 31.1448, 33.1361, 34.1321, 36.1248, 37.1214, 10.4403, 12.2066, 17.2047, 18.0278, 18.868, 20.5913, 22.3607, 23.2594, 10.0499, 15.2643, 17.6918, 23.8537, 25.5539, 29.0689, 34.5398, 37.3363, 41.1096, 24.7588, 28.6007, 19.3132, 25.4558, 27.6586, 29.2062, 20.2485, 26.1725, 28.3196, 29.8329, 35.5106, 38.0789, 19.2354, 21.9317, 30.4795, 24.3516, 25.9422, 31.8277, 34.7131, 28.6531, 30.0167, 35.3836, 36.7696, 37.4833, 38.2099, 35.8469, 38.0789, 33.0606, 51.6236, 53.0754, 44.3847, 42.19, 45.31, 55.3173, 59.0339, 60.3075, 48.0416, 50.9608, 56.0803, 56.2228, 56.5685, 67.1193, 68.2422, 59.1354, 59.5399, 60.208, 61.131, 62.6259, 64.8845, 66.6483, 59.0339, 63.3482, 63.0317, 67.4166, 68.542, 70.214, 64.0312, 68.7095, 70.2638, 65.0308, 72.8972, 65.0692, 66.6108, 70.0357, 70.8308, 72.1249, 73.736, 75.2396, 69.029, 93.9415
18.1108, 23.4307, 24.0832, 33.2866, 19.4165, 13.1529, 15.2643, 19.105, 23.8537, 29.0689, 34.5398, 13.3417, 14.8661, 9.05539, 8.06226, 7.07107, 6.08276, 8.48528, 3.60555, 8.544, 14.3178, 20.2237, 26.1725, 32.1403, 4.24264, -1, 2, 4, 6, 8, 10, 12, 14, 16, 18, 20, 22, 24, 26, 28, 30, 31, 33, 34, 7, 8.06226, 13.0384, 13.8924, 14.7648, 16.5529, 18.3848, 19.3132, 7.28011, 11.1803, 13.4536, 19.7231, 21.4709, 25.0799, 30.6757, 33.5261, 37.3631, 20.5183, 24.4131, 15.5242, 21.2132, 23.4307, 25, 16.4924, 21.9317, 24.0832, 25.6125, 31.3847, 34, 17.088, 18.0278, 26.2488, 20.6155, 21.9317, 27.5862, 30.4795, 24.5967, 25.9422, 31.1448, 32.5269, 33.2415, 33.9706, 31.9531, 34, 30.4138, 47.3814, 48.8365, 40.4969, 39.0128, 41.4367, 51.0882, 54.8179, 56.0803, 45.2769, 47.2969, 53, 53.0377, 53.2353, 62.9682, 64.0703, 56.0089, 56.2228, 56.7186, 57.4891, 58.8218, 60.9262, 62.6099, 56.2228, 59.8415, 60.0083, 63.5689, 64.622, 66.2118, 61.0082, 64.846, 66.3099, 62.0081, 68.8767, 62.2896, 63.2851, 66.6108, 67.2681, 68.4105, 69.8928, 71.3092, 66.1891, 90.4268
18, 22.2036, 22.8035, 31.6228, 20.6155, 13, 14.3178, 17.6918, 22.2036, 27.2947, 32.6956, 13.9284, 16.4012, 9.48683, 8.544, 7.61577, 6.7082, 10, 3, 6.7082, 12.3693, 18.2483, 24.1868, 30.1496, 5.83095, 2, -1, 2, 4, 6, 8, 10, 12, 14, 16, 18, 20, 22, 24, 26, 28, 29, 31, 32, 7.28011, 7.28011, 11.4018, 12.2066, 13.0384, 14.7648, 16.5529, 17.4642, 8.06226, 10.4403, 12.2066, 18.0278, 19.7231, 23.2594, 28.7924, 31.6228, 35.4401, 19.105, 22.8035, 15.1327, 19.8494, 21.9317, 23.4307, 16.1245, 20.6155, 22.6274, 24.0832, 29.6816, 32.249, 17.8885, 17.4642, 24.7588, 20.2237, 21.1896, 26.2488, 29, 23.7697, 25.0799, 29.8329, 31.1448, 31.8277, 32.5269, 31.3209, 33.1059, 30.8058, 45.9674, 47.3814, 39.8497, 39.0128, 40.8044, 49.8197, 53.6004, 54.8179, 45.5412, 46.8722, 53.0377, 53, 53.0848, 61.9112, 62.9682, 56.0089, 56.0803, 56.4358, 57.0701, 58.2409, 60.1664, 61.7414, 56.4358, 59.5399, 60.075, 62.9365, 63.9062, 65.3911, 61.0737, 64.195, 65.5515, 62.0725, 68.0294, 62.514, 63.1269, 66.3702, 66.9104, 67.9117, 69.2604, 70.5762, 66.3702, 90.0944
18.1108, 21.095, 21.6333, 30, 21.9317, 13.1529, 13.6015, 16.4012, 20.6155, 25.5539, 30.8707, 14.7648, 18.0278, 10.2956, 9.43398, 8.60233, 7.81025, 11.6619, 3.60555, 5, 10.4403, 16.2788, 22.2036, 28.1603, 7.61577, 4, 2, -1, 2, 4, 6, 8, 10, 12, 14, 16, 18, 20, 22, 24, 26, 27, 29, 30, 8.06226, 7, 9.89949, 10.6301, 11.4018, 13.0384, 14.7648, 15.6525, 9.21954, 10.0499, 11.1803, 16.4012, 18.0278, 21.4709, 26.9258, 29.7321, 33.5261, 17.8045, 21.2603, 15, 18.6011, 20.5183, 21.9317, 16, 19.4165, 21.2603, 22.6274, 28.0179, 30.5287, 18.868, 17.1172, 23.3452, 20.025, 20.6155, 25, 27.5862, 23.0868, 24.3516, 28.6007, 29.8329, 30.4795, 31.1448, 30.8058, 32.311, 31.3209, 44.5982, 45.9674, 39.2938, 39.1152, 40.2616, 48.6004, 52.4309, 53.6004, 45.8912, 46.5296, 53.1507, 53.0377, 53.0094, 60.9016, 61.9112, 56.0803, 56.0089, 56.2228, 56.7186, 57.7235, 59.4643, 60.9262, 56.7186, 59.3043, 60.208, 62.3618, 63.2456, 64.622, 61.2046, 63.6003, 64.846, 62.2013, 67.2309, 62.8013, 63.0317, 66.1891, 66.6108, 67.4685, 68.6804, 69.8928, 66.6108, 89.8053
18.4391, 20.1246, 20.5913, 28.4253, 23.3452, 13.6015, 13.1529, 15.2643, 19.105, 23.8537, 29.0689, 15.8114, 19.7231, 11.4018, 10.6301, 9.89949, 9.21954, 13.4164, 5, 3.60555, 8.544, 14.3178, 20.2237, 26.1725, 9.48683, 6, 4, 2, -1, 2, 4, 6, 8, 10, 12, 14, 16, 18, 20, 22, 24, 25, 27, 28, 9.21954, 7.28011, 8.60233, 9.21954, 9.89949, 11.4018, 13.0384, 13.8924, 10.6301, 10.0499, 10.4403, 14.8661, 16.4012, 19.7231, 25.0799, 27.8568, 31.6228, 16.6433, 19.799, 15.1327, 17.4929, 19.2094, 20.5183, 16.1245, 18.3576, 20, 21.2603, 26.4008, 28.8444, 20, 17, 22.0227, 20.025, 20.2237, 23.8537, 26.2488, 22.561, 23.7697, 27.4591, 28.6007, 29.2062, 29.8329, 30.4138, 31.6228, 31.9531, 43.2782, 44.5982, 38.833, 39.3192, 39.8121, 47.4342, 51.3128, 52.4309, 46.3249, 46.2709, 53.3385, 53.1507, 53.0094, 59.9416, 60.9016, 56.2228, 56.0089, 56.0803, 56.4358, 57.2713, 58.8218, 60.1664, 57.0701, 59.1354, 60.407, 61.8466, 62.6418, 63.9062, 61.4003, 63.0635, 64.195, 62.3939, 66.4831, 63.1506, 63, 66.0681, 66.3702, 67.082, 68.1542, 69.2604, 66.9104, 89.56
18.9737, 19.3132, 19.6977, 26.9072, 24.8395, 14.3178, 13, 14.3178, 17.6918, 22.2036, 27.2947, 17.0294, 21.4709, 12.7279, 12.0416, 11.4018, 10.8167, 15.2315, 6.7082, 3, 6.7082, 12.3693, 18.2483, 24.1868, 11.4018, 8, 6, 4, 2, -1, 2, 4, 6, 8, 10, 12, 14, 16, 18, 20, 22, 23, 25, 26, 10.6301, 8.06226, 7.61577, 8.06226, 8.60233, 9.89949, 11.4018, 12.2066, 12.2066, 10.4403, 10.0499, 13.4536, 14.8661, 18.0278, 23.2594, 26, 29.7321, 15.6525, 18.4391, 15.5242, 16.5529, 18.0278, 19.2094, 16.4924, 17.4642, 18.868, 20, 24.8395, 27.2029, 21.2603, 17.1172, 20.8087, 20.2237, 20.025, 22.8254, 25, 22.2036, 23.3452, 26.4197, 27.4591, 28.0179, 28.6007, 30.1496, 31.0483, 32.6956, 42.0119, 43.2782, 38.4708, 39.6232, 39.4588, 46.3249, 50.2494, 51.3128, 46.8402, 46.0977, 53.6004, 53.3385, 53.0848, 59.0339, 59.9416, 56.4358, 56.0803, 56.0089, 56.2228, 56.8859, 58.2409, 59.4643, 57.4891, 59.0339, 60.6712, 61.3922, 62.0967, 63.2456, 61.6604, 62.5859, 63.6003, 62.6498, 65.7875, 63.561, 63.0317, 66.0076, 66.1891, 66.7533, 67.6831, 68.6804, 67.2681, 89.3588
19.6977, 18.6815, 18.9737, 25.4558, 26.4008, 15.2643, 13.1529, 13.6015, 16.4012, 20.6155, 25.5539, 18.3848, 23.2594, 14.2127, 13.6015, 13.0384, 12.53, 17.088, 8.544, 3.60555, 5, 10.4403, 16.2788, 22.2036, 13.3417, 10, 8, 6, 4, 2, -1, 2, 4, 6, 8, 10, 12, 14, 16, 18, 20, 21, 23, 24, 12.2066, 9.21954, 7.07107, 7.28011, 7.61577, 8.60233, 9.89949, 10.6301, 13.8924, 11.1803, 10.0499, 12.2066, 13.4536, 16.4012, 21.4709, 24.1661, 27.8568, 14.8661, 17.2047, 16.1555, 15.8114, 17, 18.0278, 17.088, 16.7631, 17.8885, 18.868, 23.3452, 25.6125, 22.6274, 17.4642, 19.7231, 20.6155, 20.025, 21.9317, 23.8537, 22.0227, 23.0868, 25.4951, 26.4197, 26.9258, 27.4591, 30.0167, 30.5941, 33.541, 40.8044, 42.0119, 38.2099, 40.025, 39.2046, 45.2769, 49.2443, 50.2494, 47.4342, 46.0109, 53.9351, 53.6004, 53.2353, 58.1808, 59.0339, 56.7186, 56.2228, 56.0089, 56.0803, 56.5685, 57.7235, 58.8218, 57.9741, 59, 61, 61, 61.6117, 62.6418, 61.9839, 62.1691, 63.0635, 62.9682, 65.146, 64.0312, 63.1269, 66.0076, 66.0681, 66.4831, 67.2681, 68.1542, 67.6831, 89.202
20.5913, 18.2483, 18.4391, 24.0832, 28.0179, 16.4012, 13.6015, 13.1529, 15.2643, 19.105, 23.8537, 19.8494, 25.0799, 15.8114, 15.2643, 14.7648, 14.3178, 18.9737, 10.4403, 5, 3.60555, 8.544, 14.3178, 20.2237, 15.2971, 12, 10, 8, 6, 4, 2, -1, 2, 4, 6, 8, 10, 12, 14, 16, 18, 19, 21, 22, 13.8924, 10.6301, 7.07107, 7, 7.07107, 7.61577, 8.60233, 9.21954, 15.6525, 12.2066, 10.4403, 11.1803, 12.2066, 14.8661, 19.7231, 22.3607, 26, 14.3178, 16.1245, 17, 15.2971, 16.1555, 17, 17.8885, 16.2788, 17.088, 17.8885, 21.9317, 24.0832, 24.0832, 18.0278, 18.7883, 21.1896, 20.2237, 21.1896, 22.8254, 22.0227, 23, 24.6982, 25.4951, 25.9422, 26.4197, 30.0167, 30.2655, 34.4819, 39.6611, 40.8044, 38.0526, 40.5216, 39.0512, 44.2945, 48.3011, 49.2443, 48.1041, 46.0109, 54.3415, 53.9351, 53.4603, 57.3847, 58.1808, 57.0701, 56.4358, 56.0803, 56.0089, 56.3205, 57.2713, 58.2409, 58.5235, 59.0339, 61.3922, 60.6712, 61.1882, 62.0967, 62.3699, 61.8142, 62.5859, 63.3482, 64.56, 64.56, 63.2851, 66.0681, 66.0076, 66.2722, 66.9104, 67.6831, 68.1542, 89.0898
21.6333, 18.0278, 18.1108, 22.8035, 29.6816, 17.6918, 14.3178, 13, 14.3178, 17.6918, 22.2036, 21.4009, 26.9258, 17.4929, 17, 16.5529, 16.1555, 20.8806, 12.3693, 6.7082, 3, 6.7082, 12.3693, 18.2483, 17.2627, 14, 12, 10, 8, 6, 4, 2, -1, 2, 4, 6, 8, 10, 12, 14, 16, 17, 19, 20, 15.6525, 12.2066, 7.61577, 7.28011, 7.07107, 7.07107, 7.61577, 8.06226, 17.4642, 13.4536, 11.1803, 10.4403, 11.1803, 13.4536, 18.0278, 20.5913, 24.1661, 14.0357, 15.2315, 18.0278, 15.0333, 15.5242, 16.1555, 18.868, 16.0312, 16.4924, 17.088, 20.6155, 22.6274, 25.6125, 18.7883, 18.0278, 21.9317, 20.6155, 20.6155, 21.9317, 22.2036, 23.0868, 24.0416, 24.6982, 25.0799, 25.4951, 30.1496, 30.0666, 35.5106, 38.5876, 39.6611, 38, 41.1096, 39, 43.382, 47.4236, 48.3011, 48.8467, 46.0977, 54.8179, 54.3415, 53.7587, 56.648, 57.3847, 57.4891, 56.7186, 56.2228, 56.0089, 56.1427, 56.8859, 57.7235, 59.1354, 59.1354, 61.8466, 60.407, 60.8276, 61.6117, 62.8172, 61.5224, 62.1691, 63.7887, 64.0312, 65.146, 63.5059, 66.1891, 66.0076, 66.1211, 66.6108, 67.2681, 68.6804, 89.0225
22.8035, 18.0278, 18, 21.6333, 31.3847, 19.105, 15.2643, 13.1529, 13.6015, 16.4012, 20.6155, 23.0217, 28.7924, 19.2354, 18.7883, 18.3848, 18.0278, 22.8035, 14.3178, 8.544, 3.60555, 5, 10.4403, 16.2788, 19.2354, 16, 14, 12, 10, 8, 6, 4, 2, -1, 2, 4, 6, 8, 10, 12, 14, 15, 17, 18, 17.4642, 13.8924, 8.60233, 8.06226, 7.61577, 7.07107, 7.07107, 7.28011, 19.3132, 14.8661, 12.2066, 10.0499, 10.4403, 12.2066, 16.4012, 18.868, 22.3607, 14.0357, 14.5602, 19.2094, 15.0333, 15.1327, 15.5242, 20, 16.0312, 16.1245, 16.4924, 19.4165, 21.2603, 27.2029, 19.7231, 17.4642, 22.8254, 21.1896, 20.2237, 21.1896, 22.561, 23.3452, 23.5372, 24.0416, 24.3516, 24.6982, 30.4138, 30, 36.6197, 37.5899, 38.5876, 38.0526, 41.7852, 39.0512, 42.5441, 46.6154, 47.4236, 49.6588, 46.2709, 55.3624, 54.8179, 54.1295, 55.9732, 56.648, 57.9741, 57.0701, 56.4358, 56.0803, 56.0357, 56.5685, 57.2713, 59.808, 59.3043, 62.3618, 60.208, 60.531, 61.1882, 63.3246, 61.2944, 61.8142, 64.2884, 63.561, 65.7875, 63.7887, 66.3702, 66.0681, 66.0303, 66.3702, 66.9104, 69.2604, 89
24.0832, 18.2483, 18.1108, 20.5913, 33.121, 20.6155, 16.4012, 13.6015, 13.1529, 15.2643, 19.105, 24.6982, 30.6757, 21.0238, 20.6155, 20.2485, 19.9249, 24.7386, 16.2788, 10.4403, 5, 3.60555, 8.544, 14.3178, 21.2132, 18, 16, 14, 12, 10, 8, 6, 4, 2, -1, 2, 4, 6, 8, 10, 12, 13, 15, 16, 19.3132, 15.6525, 9.89949, 9.21954, 8.60233, 7.61577, 7.07107, 7, 21.1896, 16.4012, 13.4536, 10.0499, 10.0499, 11.1803, 14.8661, 17.2047, 20.5913, 14.3178, 14.1421, 20.5183, 15.2971, 15, 15.1327, 21.2603, 16.2788, 16, 16.1245, 18.3576, 20, 28.8444, 20.8087, 17.1172, 23.8537, 21.9317, 20.025, 20.6155, 23.0868, 23.7697, 23.1948, 23.5372, 23.7697, 24.0416, 30.8058, 30.0666, 37.8021, 36.6742, 37.5899, 38.2099, 42.5441, 39.2046, 41.7852, 45.8803, 46.6154, 50.5371, 46.5296, 55.9732, 55.3624, 54.5711, 55.3624, 55.9732, 58.5235, 57.4891, 56.7186, 56.2228, 56, 56.3205, 56.8859, 60.5392, 59.5399, 62.9365, 60.075, 60.2993, 60.8276, 63.8905, 61.131, 61.5224, 64.846, 63.1506, 66.4831, 64.1327, 66.6108, 66.1891, 66, 66.1891, 66.6108, 69.8928, 89.0225
25.4558, 18.6815, 18.4391, 19.6977, 34.8855, 22.2036, 17.6918, 14.3178, 13, 14.3178, 17.6918, 26.4197, 32.573, 22.8473, 22.4722, 22.1359, 21.8403, 26.6833, 18.2483, 12.3693, 6.7082, 3, 6.7082, 12.3693, 23.1948, 20, 18, 16, 14, 12, 10, 8, 6, 4, 2, -1, 2, 4, 6, 8, 10, 11, 13, 14, 21.1896, 17.4642, 11.4018, 10.6301, 9.89949, 8.60233, 7.61577, 7.28011, 23.0868, 18.0278, 14.8661, 10.4403, 10.0499, 10.4403, 13.4536, 15.6205, 18.868, 14.8661, 14, 21.9317, 15.8114, 15.1327, 15, 22.6274, 16.7631, 16.1245, 16, 17.4642, 18.868, 30.5287, 22.0227, 17, 25, 22.8254, 20.025, 20.2237, 23.7697, 24.3516, 23.0217, 23.1948, 23.3452, 23.5372, 31.3209, 30.2655, 39.0512, 35.8469, 36.6742, 38.4708, 43.382, 39.4588, 41.1096, 45.2217, 45.8803, 51.4782, 46.8722, 56.648, 55.9732, 55.0818, 54.8179, 55.3624, 59.1354, 57.9741, 57.0701, 56.4358, 56.0357, 56.1427, 56.5685, 61.327, 59.8415, 63.5689, 60.0083, 60.1332, 60.531, 64.5136, 61.0328, 61.2944, 65.4599, 62.8013, 67.2309, 64.5368, 66.9104, 66.3702, 66.0303, 66.0681, 66.3702, 70.5762, 89.0898
